SAMPLE	FILTER_2	FILTER_3	FILTER_4	FILTER_5	FILTER_6	FILTER_7	FILTER_8
C484.TCGA-16-0848	0	12	8	588	6	45	9
C484.TCGA-16-0846	0	18	6	185	13	250	1
C484.TCGA-06-6693	0	31	49	179	6	1326	1
C484.TCGA-06-6694	0	12	17	195	9	372	1
C484.TCGA-06-6695	0	9	13	136	13	101	1
C484.TCGA-19-5947	0	6	12	104	6	14	1
C484.TCGA-06-6697	0	7	14	129	7	5	1
C484.TCGA-06-6698	0	82	203	162	8	4636	1
C484.TCGA-06-6699	0	20	35	151	5	961	1
C484.TCGA-06-6388	0	7	0	139	1	51	1
C484.TCGA-06-6389	0	13	11	78	3	186	1
C282.TCGA-06-1084	0	11	45	168	7	218	1
C282.TCGA-06-1087	0	3	4	19	0	14	1
C484.TCGA-06-0221	0	29	38	268	12	290	1
C484.TCGA-28-2501	0	5	4	67	3	10	1
C484.TCGA-28-2502	0	5	8	118	5	11	1
C484.TCGA-28-2509	0	52	97	211	6	2191	1
C484.TCGA-76-4934	0	73	56	217	11	964	1
C484.TCGA-06-0882	0	9	8	97	3	11	1
C484.TCGA-06-0881	0	6	2	48	5	16	2
C484.TCGA-76-4931	0	20	19	170	8	481	1
C484.TCGA-76-4932	0	60	37	217	11	219	1
C484.TCGA-28-5207	0	11	5	147	6	110	1
C484.TCGA-28-5204	0	27	33	137	2	933	1
C484.TCGA-14-0871	0	129	225	160	22	5654	1
C484.TCGA-28-5208	0	15	22	199	13	322	1
C484.TCGA-28-5209	0	38	60	260	16	1071	1
C282.TCGA-06-2566	0	122	290	680	66	1968	1
C484.TCGA-06-0648	0	20	11	180	5	260	1
C282.TCGA-06-2562	0	28	105	347	12	595	1
C282.TCGA-06-2563	0	23	47	275	16	467	1
C282.TCGA-06-2561	0	24	33	152	8	227	1
C484.TCGA-06-0645	0	12	14	161	5	20	9
C484.TCGA-06-0644	0	6	12	141	2	27	1
C282.TCGA-06-2569	0	159	387	230	29	8538	1
C484.TCGA-06-0122	0	49	29	270	15	212	6
C484.TCGA-06-0124	0	10	33	179	4	38	31
C484.TCGA-06-0125	0	23	32	281	15	26	1
C484.TCGA-06-0126	0	8	12	176	7	56	1
C484.TCGA-06-0128	0	25	19	117	8	340	1
C484.TCGA-06-0129	0	17	22	110	11	688	1
C282.TCGA-27-1838	0	535	1515	3201	348	7771	1
C484.TCGA-14-1450	0	8	4	140	7	69	1
C484.TCGA-06-2557	0	14	14	143	5	105	1
C282.TCGA-27-1836	0	218	631	1550	124	2604	1
C282.TCGA-27-1837	0	16	30	145	37	377	1
C282.TCGA-27-1830	0	200	750	1686	232	3445	1
C282.TCGA-27-1831	0	40	99	354	18	670	2
C484.TCGA-14-1456	0	10	10	94	5	259	1
C484.TCGA-41-3915	0	36	18	124	8	127	1
C484.TCGA-02-0003	0	29	22	155	22	666	1
C484.TCGA-27-1835	0	42	20	226	17	385	1
C484.TCGA-76-6192	0	3	11	106	3	7	1
C484.TCGA-27-2527	0	1	4	71	7	5	1
C484.TCGA-27-2526	0	7	15	171	20	154	1
C484.TCGA-27-2524	0	14	18	147	11	70	1
C484.TCGA-27-2523	0	42	94	197	14	1431	1
C484.TCGA-27-2521	0	58	74	152	10	1917	1
C282.TCGA-06-0185	0	0	0	17	9	5	1
C484.TCGA-27-2528	0	7	4	157	5	89	1
C484.TCGA-19-4065	0	7	14	192	6	40	1
C282.TCGA-19-1791	0	13	48	195	18	702	1
C484.TCGA-28-1753	0	6	2	134	5	22	1
C484.TCGA-32-1991	0	59	45	197	30	525	1
C282.TCGA-06-0152	0	28	56	241	11	362	2
C484.TCGA-41-5651	0	19	28	215	10	816	1
C282.TCGA-12-1597	0	26	27	225	28	488	1
C484.TCGA-14-4157	0	73	108	191	24	1746	1
C484.TCGA-19-2631	0	18	24	197	3	173	1
C484.TCGA-06-6700	0	7	2	100	6	15	1
C484.TCGA-06-6701	0	13	24	83	5	224	1
C484.TCGA-12-5301	0	25	18	188	1	457	1
C484.TCGA-06-0168	0	11	18	140	3	29	1
C484.TCGA-06-0169	0	7	4	149	3	24	1
C484.TCGA-06-0165	0	12	7	40	3	4	1
C484.TCGA-76-6285	0	17	43	174	7	530	1
C484.TCGA-76-6286	0	8	10	147	7	533	1
C282.TCGA-27-2519	0	61	65	201	3	405	1
C484.TCGA-76-6280	0	8	16	176	4	262	1
C484.TCGA-06-0166	0	7	12	105	0	18	1
C484.TCGA-76-6282	0	10	6	107	6	11	1
C484.TCGA-76-6283	0	22	37	213	5	941	1
C484.TCGA-06-0167	0	8	5	49	4	5	1
C484.TCGA-41-2575	0	42	47	185	6	1278	1
C282.TCGA-19-1390	0	110	290	804	177	3232	1
C484.TCGA-41-2571	0	47	25	214	16	231	1
C484.TCGA-41-2572	0	13	16	151	8	214	1
C484.TCGA-41-2573	0	14	14	143	10	231	1
C484.TCGA-06-0119	0	9	4	58	5	6	1
C484.TCGA-12-0692	0	9	20	121	10	367	1
C484.TCGA-06-2564	0	12	9	164	6	41	1
C484.TCGA-06-2565	0	32	51	173	10	1420	1
C484.TCGA-06-2562	0	7	10	161	2	122	1
C484.TCGA-06-2563	0	11	27	273	23	169	1
C484.TCGA-06-2561	0	1	0	106	2	21	1
C484.TCGA-02-0047	0	6	10	165	3	36	5
C484.TCGA-06-0939	0	14	4	167	6	18	1
C484.TCGA-06-2569	0	171	310	149	8	8035	1
C484.TCGA-76-4935	0	19	33	167	11	412	1
C282.TCGA-02-2470	0	11	16	155	7	152	1
C282.TCGA-14-1795	0	48	156	574	24	495	1
C282.TCGA-14-1794	0	72	147	473	28	1050	1
C484.TCGA-19-1787	0	90	134	1289	25	2974	1
C484.TCGA-12-3652	0	24	35	228	19	302	1
C484.TCGA-12-3653	0	27	56	120	8	1578	1
C484.TCGA-12-3650	0	8	12	151	5	151	1
C484.TCGA-28-2510	0	2	4	48	3	4	1
C282.TCGA-19-2621	0	30	68	375	95	866	1
C282.TCGA-19-2620	0	21	56	254	40	483	1
C282.TCGA-19-2623	0	107	312	817	115	2414	1
C282.TCGA-19-2625	0	33	30	283	30	254	1
C282.TCGA-19-2624	0	33	82	386	121	230	1
C282.TCGA-19-2629	0	14	42	202	29	182	1
C484.TCGA-06-0187	0	42	38	271	22	218	1
C484.TCGA-06-0184	0	14	2	154	1	21	1
C484.TCGA-06-0185	0	18	17	169	16	279	1
C484.TCGA-06-0188	0	10	21	162	7	193	1
C484.TCGA-06-0189	0	6	6	33	4	40	1
C484.TCGA-32-2634	0	57	76	166	3	2459	1
C484.TCGA-32-2632	0	10	16	202	13	88	1
C484.TCGA-08-0386	0	13	12	93	5	182	1
C484.TCGA-32-2638	0	16	8	209	14	43	4
C484.TCGA-19-5952	0	10	29	131	7	184	1
C484.TCGA-19-5953	0	5	5	120	1	4	1
C484.TCGA-19-5950	0	6	4	136	8	62	1
C484.TCGA-19-5951	0	38	70	185	8	1617	1
C484.TCGA-19-5956	0	168	72	11439	85	553	1
C484.TCGA-19-5954	0	13	16	203	11	78	1
C484.TCGA-19-5955	0	7	8	89	4	10	1
C484.TCGA-19-5958	0	7	11	150	3	113	1
C484.TCGA-19-5959	0	12	6	198	4	138	1
C484.TCGA-06-0238	0	15	18	129	3	361	1
C282.TCGA-15-1446	0	35	90	248	26	696	1
C484.TCGA-06-0237	0	36	54	158	5	1436	1
C484.TCGA-14-0862	0	23	10	142	6	32	1
C282.TCGA-32-2634	0	44	70	176	22	1810	1
C484.TCGA-06-5856	0	17	38	135	18	674	1
C282.TCGA-32-2632	0	15	32	298	84	125	1
C484.TCGA-26-6173	0	6	10	100	2	39	1
C484.TCGA-06-5859	0	6	10	127	4	97	1
C484.TCGA-06-5858	0	86	122	395	9	3317	1
C484.TCGA-28-2513	0	2	4	79	1	31	1
C282.TCGA-32-2638	0	17	31	278	69	98	1
C484.TCGA-26-6174	0	5	8	172	7	5	1
C282.TCGA-06-2559	0	46	33	207	9	401	1
C282.TCGA-06-2558	0	25	35	232	21	398	1
C484.TCGA-06-0650	0	3	4	47	3	13	1
C484.TCGA-06-0155	0	6	4	166	3	48	1
C484.TCGA-06-0154	0	16	16	151	10	151	1
C484.TCGA-06-0157	0	17	31	167	14	344	1
C484.TCGA-06-0151	0	10	12	102	6	18	1
C484.TCGA-06-0152	0	24	52	318	14	207	1
C484.TCGA-06-0158	0	13	2	172	7	80	1
C484.TCGA-06-2567	0	8	4	184	5	47	1
C484.TCGA-41-3392	0	12	16	165	8	308	1
C484.TCGA-06-0649	0	13	4	160	5	50	1
C282.TCGA-06-2567	0	18	27	244	8	332	1
C484.TCGA-74-6584	0	12	8	118	5	35	1
C484.TCGA-74-6581	0	7	18	124	5	200	1
C484.TCGA-28-2499	0	29	62	141	6	1311	1
C484.TCGA-74-6573	0	8	12	118	12	122	1
C484.TCGA-74-6575	0	4	12	165	2	23	1
C484.TCGA-74-6577	0	8	4	93	7	106	1
C484.TCGA-74-6578	0	8	15	147	7	15	1
C484.TCGA-26-1439	0	8	12	137	16	66	1
C484.TCGA-19-2623	0	11	18	192	4	119	1
C484.TCGA-28-6450	0	9	25	152	6	285	1
C484.TCGA-02-2470	0	8	6	163	4	52	1
C484.TCGA-32-1986	0	13	6	135	11	12	1
C484.TCGA-32-1982	0	55	24	231	14	25	1
C484.TCGA-32-1980	0	2	0	34	2	7	1
C282.TCGA-14-0790	0	13	39	167	5	602	1
C484.TCGA-15-0742	0	29	54	219	20	1202	1
C484.TCGA-06-0646	0	19	23	141	6	235	1
C484.TCGA-16-0861	0	18	16	219	13	308	1
C484.TCGA-12-0821	0	17	22	216	27	165	1
C282.TCGA-28-2509	0	75	127	200	5	2250	1
C484.TCGA-15-1444	0	10	12	139	25	19	1
C484.TCGA-06-5414	0	6	10	127	5	30	1
C484.TCGA-32-4211	0	12	8	139	4	79	1
C484.TCGA-32-4210	0	77	67	222	7	1390	1
C484.TCGA-32-4213	0	9	17	140	5	222	1
C484.TCGA-06-0213	0	8	8	164	10	19	1
C484.TCGA-26-5139	0	12	2	138	3	64	1
C282.TCGA-12-3649	0	16	26	259	52	141	1
C282.TCGA-12-3648	0	13	28	194	35	489	1
C484.TCGA-14-1395	0	9	23	155	6	496	1
C484.TCGA-06-0209	0	10	8	158	8	83	1
C282.TCGA-12-3644	0	72	151	378	65	1885	1
C282.TCGA-12-3646	0	28	52	249	25	1036	1
C282.TCGA-32-1982	0	37	91	360	23	454	1
C282.TCGA-06-0145	0	2	11	137	21	58	1
C484.TCGA-06-0750	0	14	29	145	10	132	10
C282.TCGA-27-2526	0	7	19	181	14	228	1
C282.TCGA-27-2524	0	47	30	186	10	239	1
C282.TCGA-27-2523	0	26	85	187	22	1240	1
C282.TCGA-27-2521	0	10	26	96	5	152	1
C282.TCGA-27-2528	0	42	20	202	14	115	1
C484.TCGA-14-0817	0	16	17	208	4	405	1
C484.TCGA-14-0813	0	17	13	255	6	36	1
C282.TCGA-14-1396	0	48	134	421	29	869	1
C282.TCGA-12-3652	0	17	48	251	42	686	1
C484.TCGA-02-2486	0	13	6	153	6	52	1
C484.TCGA-26-5134	0	16	13	165	2	498	1
C282.TCGA-12-3651	0	14	51	303	31	224	1
C282.TCGA-12-1089	0	48	122	324	21	984	1
C282.TCGA-12-1088	0	50	76	181	14	509	1
C484.TCGA-06-2559	0	6	12	64	10	90	1
C484.TCGA-06-2558	0	13	15	213	5	112	1
C484.TCGA-02-0055	0	17	14	164	2	50	4
C484.TCGA-12-0688	0	13	5	177	8	66	5
C484.TCGA-12-0619	0	7	8	143	9	119	1
C484.TCGA-12-0618	0	62	94	142	11	2181	1
C484.TCGA-12-0616	0	16	25	133	10	316	1
C484.TCGA-12-0615	0	28	53	210	6	728	1
C484.TCGA-19-1790	0	55	12	220	16	27	1
C484.TCGA-41-6646	0	5	4	131	7	64	1
C484.TCGA-14-0736	0	9	26	120	6	35	1
C484.TCGA-12-5299	0	26	28	143	8	786	1
C484.TCGA-12-5295	0	11	20	256	5	57	1
C282.TCGA-14-2554	0	12	20	224	8	80	1
C484.TCGA-14-1034	0	73	133	361	22	2358	1
C484.TCGA-06-0744	0	17	20	223	12	274	1
C484.TCGA-76-4926	0	13	18	172	3	173	1
C484.TCGA-14-0787	0	27	35	153	7	569	1
C484.TCGA-14-0786	0	28	26	156	9	1068	2
C484.TCGA-14-0781	0	5	9	61	4	5	1
C484.TCGA-14-0789	0	8	0	153	9	11	1
C484.TCGA-06-5413	0	9	12	132	16	38	1
C484.TCGA-06-5412	0	5	4	60	5	6	1
C484.TCGA-06-5411	0	5	12	117	9	91	1
C484.TCGA-06-5410	0	8	4	37	4	9	1
C484.TCGA-06-5417	0	31	113	186	8	2244	1
C484.TCGA-06-5416	0	362	205	23903	20	51	1
C484.TCGA-06-5415	0	10	8	160	11	80	1
C484.TCGA-19-5960	0	67	126	148	28	3056	1
C484.TCGA-06-5418	0	14	10	139	4	78	1
C484.TCGA-06-0241	0	15	55	97	15	373	1
C484.TCGA-06-0240	0	6	12	67	3	11	10
C484.TCGA-76-6664	0	6	14	166	14	98	1
C484.TCGA-76-6662	0	5	2	85	7	71	1
C484.TCGA-76-6663	0	5	4	123	1	7	1
C484.TCGA-76-6660	0	17	32	210	2	413	1
C484.TCGA-76-6661	0	10	14	169	15	41	1
C484.TCGA-32-4719	0	31	25	178	13	101	1
C484.TCGA-81-5911	0	11	11	108	3	19	1
C484.TCGA-81-5910	0	8	6	127	6	114	1
C282.TCGA-41-2575	0	39	67	275	56	1310	1
C282.TCGA-41-2571	0	38	42	252	71	371	1
C282.TCGA-41-2573	0	35	49	243	43	576	1
C484.TCGA-28-5220	0	28	58	159	10	1211	1
C282.TCGA-28-2513	0	6	2	156	16	46	1
C282.TCGA-41-3392	0	53	61	269	51	649	1
C484.TCGA-32-2495	0	31	22	192	6	591	1
C484.TCGA-32-2494	0	5	8	151	4	19	1
C484.TCGA-06-0145	0	12	12	244	5	113	1
C484.TCGA-06-0142	0	2	4	45	3	8	1
C484.TCGA-06-0140	0	9	4	97	7	35	1
C484.TCGA-06-0141	0	2	8	31	5	12	1
C484.TCGA-32-2498	0	49	39	129	12	346	1
C282.TCGA-19-2619	0	24	42	217	32	638	1
C484.TCGA-41-4097	0	51	23	181	18	32	1
C484.TCGA-27-1838	0	38	32	205	9	1039	1
C484.TCGA-27-1834	0	24	30	169	11	580	1
C484.TCGA-76-6191	0	13	12	144	5	169	1
C484.TCGA-27-1836	0	12	12	141	11	50	1
C484.TCGA-27-1837	0	15	18	145	19	150	3
C484.TCGA-27-1830	0	12	4	141	7	75	2
C484.TCGA-27-1831	0	6	2	149	5	19	2
C484.TCGA-27-1832	0	6	7	94	5	23	1
C484.TCGA-27-1833	0	12	14	188	5	201	1
C484.TCGA-14-2554	0	41	15	236	9	45	1
C484.TCGA-12-1597	0	19	24	155	7	483	1
C484.TCGA-76-6193	0	8	9	106	7	36	1
C282.TCGA-12-1092	0	34	16	121	7	39	1
C282.TCGA-28-1747	0	9	19	155	21	116	1
C282.TCGA-28-1749	0	9	15	134	3	214	1
C484.TCGA-32-4208	0	28	50	131	10	1193	1
C484.TCGA-32-4209	0	6	8	87	3	25	1
C484.TCGA-14-1829	0	4	8	151	6	44	1
C484.TCGA-19-4068	0	47	33	202	15	208	1
C484.TCGA-14-1823	0	14	22	140	22	83	1
C484.TCGA-14-1825	0	54	36	195	15	273	1
C484.TCGA-06-6391	0	6	4	120	5	5	1
C484.TCGA-06-6390	0	4	6	111	0	18	1
C484.TCGA-19-2619	0	34	40	189	6	768	1
C484.TCGA-06-0210	0	23	28	262	8	54	7
C484.TCGA-06-0211	0	16	59	321	12	90	2
C484.TCGA-06-0216	0	34	61	220	17	958	32
C484.TCGA-06-0214	0	12	10	162	3	35	1
C484.TCGA-26-5132	0	18	12	164	8	388	1
C484.TCGA-26-5133	0	32	62	121	3	1203	1
C484.TCGA-06-0219	0	7	6	129	3	30	3
C484.TCGA-26-5136	0	55	44	153	3	371	1
C282.TCGA-12-3653	0	62	79	179	34	1623	1
C282.TCGA-12-3650	0	16	26	229	44	187	1
C484.TCGA-26-5135	0	50	35	309	15	145	1
C282.TCGA-02-2485	0	25	52	188	25	499	1
C282.TCGA-02-2486	0	11	12	164	9	91	1
C484.TCGA-28-2514	0	52	61	176	5	598	2
C484.TCGA-06-0743	0	20	30	293	17	229	1
C484.TCGA-76-4927	0	14	8	159	8	49	1
C484.TCGA-06-0745	0	16	24	215	15	210	1
C484.TCGA-76-4925	0	96	145	247	10	3224	1
C484.TCGA-06-0747	0	61	111	239	19	2593	1
C484.TCGA-06-0749	0	44	2	162	7	20	1
C484.TCGA-76-4929	0	21	60	263	6	765	1
C484.TCGA-76-4928	0	10	8	111	2	9	1
C484.TCGA-28-5215	0	16	13	121	5	169	1
C484.TCGA-28-5214	0	7	12	130	6	145	1
C484.TCGA-28-5216	0	48	66	161	7	1547	1
C484.TCGA-28-5211	0	3	2	42	1	9	1
C484.TCGA-28-5213	0	46	6	140	7	12	1
C484.TCGA-28-5219	0	11	8	138	6	218	1
C484.TCGA-28-5218	0	30	35	139	10	415	1
C484.TCGA-06-0139	0	5	40	84	8	6	36
C484.TCGA-06-0137	0	20	16	220	13	316	1
C282.TCGA-12-1093	0	15	36	147	17	149	1
C484.TCGA-87-5896	0	5	49	133	11	403	1
C484.TCGA-06-0132	0	2	11	46	1	25	1
C484.TCGA-06-0130	0	7	14	100	5	8	1
C484.TCGA-16-1048	0	51	15	206	21	93	1
C484.TCGA-16-1045	0	9	8	172	7	54	1
C484.TCGA-32-2491	0	58	21	195	12	14	1
C484.TCGA-19-1390	0	34	48	290	9	1430	1
C484.TCGA-02-0033	0	7	5	84	7	3	1
C282.TCGA-19-0957	0	14	27	236	11	47	1
C484.TCGA-32-1979	0	6	8	149	5	25	1
C484.TCGA-32-1977	0	28	24	161	24	69	1
C484.TCGA-32-1970	0	46	48	209	6	1610	2
C484.TCGA-27-2518	0	9	8	124	9	47	1
C484.TCGA-27-2519	0	22	26	149	3	169	1
C282.TCGA-19-1787	0	80	204	1163	57	3172	1
C282.TCGA-19-1789	0	54	42	246	22	242	1
C484.TCGA-28-1747	0	14	6	122	3	109	1
C484.TCGA-14-0790	0	28	44	197	2	755	1
C282.TCGA-32-1976	0	15	41	176	6	541	1
C484.TCGA-32-2616	0	47	34	2020	24	641	1
C484.TCGA-32-2615	0	27	29	145	9	653	1
C282.TCGA-32-1970	0	53	75	264	8	1506	5
C484.TCGA-06-5408	0	8	24	108	7	484	1
C484.TCGA-76-6657	0	7	10	149	4	19	1
C484.TCGA-76-6656	0	9	4	218	5	61	1
C484.TCGA-06-0878	0	14	14	158	9	120	4
C484.TCGA-06-0879	0	7	3	167	6	25	1
C484.TCGA-06-0876	0	14	10	226	8	107	1
C484.TCGA-06-0877	0	18	16	228	7	32	1
C484.TCGA-06-0875	0	17	16	174	10	152	1
C484.TCGA-06-1804	0	16	28	210	6	573	1
C484.TCGA-06-1806	0	8	6	59	10	4	1
C484.TCGA-19-2620	0	12	14	189	10	158	1
C282.TCGA-28-2506	0	160	557	1214	87	3193	1
C484.TCGA-19-2625	0	9	0	147	4	17	1
C484.TCGA-19-2624	0	17	17	133	10	391	1
C282.TCGA-28-2502	0	63	106	357	27	619	1
C484.TCGA-19-2629	0	6	6	139	8	105	1
C282.TCGA-32-2616	0	32	40	1218	106	353	1
C484.TCGA-02-2485	0	25	28	162	13	446	1
C484.TCGA-06-0178	0	23	19	419	8	53	1
C484.TCGA-02-2483	0	18	16	122	6	592	1
C484.TCGA-06-0173	0	9	13	200	15	114	1
C484.TCGA-06-0171	0	21	26	156	9	35	1
C484.TCGA-06-0174	0	86	28	640	5	597	1
C282.TCGA-06-0648	0	15	24	159	21	341	1
C282.TCGA-19-1389	0	16	22	217	9	14	1
C484.TCGA-14-1043	0	5	10	82	6	82	1
C484.TCGA-14-3476	0	49	19	188	11	109	1
C484.TCGA-26-1442	0	24	10	89	11	30	1
C484.TCGA-06-2570	0	19	18	107	8	735	1
C282.TCGA-02-2466	0	94	142	263	16	2597	1
C484.TCGA-06-0686	0	17	16	169	17	324	1
C484.TCGA-12-3649	0	11	17	213	10	21	1
C282.TCGA-28-1753	0	360	984	2247	295	6265	1
C484.TCGA-14-0740	0	21	63	147	11	1352	1
C484.TCGA-06-0190	0	19	29	317	16	24	1
C484.TCGA-06-0192	0	6	0	137	3	8	1
C484.TCGA-06-0195	0	58	41	253	10	563	1
C484.TCGA-32-5222	0	18	12	227	15	125	1
C282.TCGA-14-3477	0	35	58	310	195	700	1
